> dan <=
5
3 6 8 10 20
2
3 8
10 20

5
3 6 8 10 20
2
3 8	||0,2 >> 1, 2
10 20
5

5
3 6 8 10 20
4
7 20
6 21
6 8
1 2

//test minimum
5
3 6 8 10 20
4
7 9
11 22
2 4
1 2

5
3 6 8 10 20
2
2 15
10 20

5
3 6 8 10 20
2
3 15
10 20

5
3 6 8 10 20
4
3 8
4 9
2 7
8 20

5
3 6 8 10 20
3
1 15
3 15
10 20


5
3 6 8 10 20
6
1 0	3 0
4 0	6 1
7 1	8 3
9 3	10 3
11 3	20 4
21 	22


5
3 6 8 10 20
6
1 3
4 6
7 8
9 10
11 20
21 22

5
3 6 8 10 20
6
3 5
6 8
6 9
8 10
8 20
21 22


5
3 6 8 10 20
6
1 3	0 0 || 1
4 6	1 1 || 1
7 8	2 2 || 1
9 10	
11 20	
21 22	


6
1 3 6 8 10 20
3
1 3
6 8
10 20

7
1 3 6 8 10 20 23
6
1 19
1 20
1 21
0 20
1 20
2 20


TEST UPPERBOUND LOWER BOUND
7
1 3 6 8 10 20 23
6
1 3
6 8
10 20
0 23
2 4
21 23