11 6
000000
000000
011100
110011

111000


111001
001100
111011
			while(Temp1.find(karakter[i])!=-1)
			{
				for(int j=i; j>=0; j--)
					karakter[j]=karakter[j-1];
				r--;
				i--;
				(cek[i])--;
			}
000000
000000
000000
000000 3
000000 4
011100 5
110011 6
111000 7
000000
000000
111001 8
001100 9
111011 10

tanda=3
11-3=8

11 6
010111
000000
011100
110011
111111
111111
111111
111111
111001
001100
111011


000000	4
000000	5
011100	6
110011	7

111001	8
001100	9
111011	10

tanda=4
jalan=11-4=7

000000
000000
000000
000000
000000 4
000000 5
010000 6
111011 7
111101 8
001100 9
111011 10

11 6
000000
000000
011100
110011
111111
111111
111111
111111
111001
001100
111111

000000	5
000000	6
011100	7
110011	8
111001	9
001100	10

000000	5
000000	6
000000	7

011000	8
111011	9

111111	10
